    
My Output:

    Path#1={(0,0),(1,0),(2,0),(3,0),(3,1),(3,2),(3,3)} Cost=7

    Path#2={(0,0),(0,1),(0,2),(0,3),(1,3),(2,3),(3,3)} Cost=7

    Path#3={(0,0),(1,0),(2,0),(3,0),(4,0),(4,1),(3,1),(3,2),(3,3)} Cost=9

    Path#4={(0,0),(1,0),(2,0),(3,0),(3,1),(4,1),(4,2),(4,3),(3,3)} Cost=9

    Path#5={(0,0),(1,0),(2,0),(3,0),(3,1),(4,1),(4,2),(3,2),(3,3)} Cost=9

    Path#6={(0,0),(1,0),(2,0),(3,0),(3,1),(3,2),(4,2),(4,3),(3,3)} Cost=9

    Path#7={(0,0),(1,0),(2,0),(3,0),(4,0),(4,1),(4,2),(4,3),(3,3)} Cost=9

    Path#8={(0,0),(1,0),(2,0),(3,0),(4,0),(4,1),(4,2),(3,2),(3,3)} Cost=9

    Path#9={(0,0),(1,0),(2,0),(3,0),(4,0),(4,1),(3,1),(3,2),(4,2),(4,3),(3,3)} Cost=11


System Output:

    Path#1={(0,0),(1,0),(2,0),(3,0),(3,1),(3,2),(3,3)} Cost=7

    Path#2={(0,0),(0,1),(0,2),(0,3),(1,3),(2,3),(3,3)} Cost=7

    Path#3={(0,0),(1,0),(2,0),(3,0),(4,0),(4,1),(4,2),(4,3),(3,3)} Cost=9

    Path#4={(0,0),(1,0),(2,0),(3,0),(4,0),(4,1),(4,2),(3,2),(3,3)} Cost=9

    Path#5={(0,0),(1,0),(2,0),(3,0),(4,0),(4,1),(3,1),(3,2),(3,3)} Cost=9

    Path#6={(0,0),(1,0),(2,0),(3,0),(3,1),(4,1),(4,2),(4,3),(3,3)} Cost=9

    Path#7={(0,0),(1,0),(2,0),(3,0),(3,1),(4,1),(4,2),(3,2),(3,3)} Cost=9

    Path#8={(0,0),(1,0),(2,0),(3,0),(3,1),(3,2),(4,2),(4,3),(3,3)} Cost=9

    Path#9={(0,0),(1,0),(2,0),(3,0),(4,0),(4,1),(3,1),(3,2),(4,2),(4,3),(3,3)} Cost=11